10
3 5
0 0 0 0 0
1 1 1 1 0
0 0 0 0 0
3 3
1 0 1
0 1 0
1 0 1
5 4
0 1 0 0
0 1 0 0
0 1 0 1
0 1 0 1
0 1 0 1
5 5
0 0 1 0 0
0 0 1 0 0
1 1 1 1 1
0 0 1 0 0
0 0 1 0 0
2 5
1 1 0 1 0
0 0 0 1 0
6 6
1 0 0 0 0 0
1 0 0 1 1 1
1 0 0 0 0 0
1 0 0 0 1 0
1 0 0 0 1 0
1 0 0 0 1 0
4 4
1 1 1 1
0 0 0 0
1 1 1 1
0 0 0 0
4 4
1 0 0 0
0 1 0 0
0 0 1 0
0 0 0 1
8 10
0 0 0 0 0 0 0 0 0 0
0 1 1 1 1 1 1 1 0 0
0 0 0 0 0 0 0 0 0 0
1 1 0 0 0 0 0 0 0 0
0 0 0 1 1 1 0 0 0 0
0 0 0 0 0 0 0 0 0 0
0 0 0 0 0 0 0 0 1 1
0 0 0 0 0 0 0 0 1 1
5 7
0 0 1 0 0 0 0
1 0 1 1 1 0 0
1 0 0 0 1 0 0
1 0 1 1 1 0 0
0 0 0 0 0 0 0