30
4
2 4 7 10
3
5 10 15
4
11 12 13 14
5
20 25 30 35 40
6
50 60 70 80 90 100
7
21 31 41 51 61 71 81
8
11 22 33 44 55 66 77 88
9
10 20 30 40 50 60 70 80 90
10
101 202 303 404 505 606 707 808 909 100
11
123 234 345 456 567 678 789 890 901 912 923
2
2 4
3
1 2 3
4
2 4 7 10
5
3 5 8 12 15
6
1 11 111 1111 11111 111111
7
12 21 34 45 56 67 78
8
12 23 34 45 56 67 78 89
9
10 20 30 40 50 60 70 80 90
10
2 4 6 8 10 12 14 16 18 20
11
3 5 7 9 11 13 15 17 19 21 23
12
1 2 3 4 5 6 7 8 9 10 11 12
13
10 11 12 13 14 15 16 17 18 19 20 21 22
14
100 110 120 130 140 150 160 170 180 190 200 210 220 230
15
11 12 13 14 15 16 17 18 19 20 21 22 23 24 25
16
2 4 6 8 10 12 14 16 18 20 22 24 26 28 30 32
17
10 20 30 40 50 60 70 80 90 100 110 120 130 140 150 160 170
18
11 22 33 44 55 66 77 88 99 110 121 132 143 154 165 176 187 198
19
1 2 3 4 5 6 7 8 9 10 11 12 13 14 15 16 17 18 19
20
1 11 111 1111 11111 111111 1111111 11111111 111111111 1111111111 11111111111 111111111111 1111111111111 11111111111111 111111111111111 1111111111111111 11111111111111111 111111111111111111 1111111111111111111 11111111111111111111
21
3 6 9 12 15 18 21 24 27 30 33 36 39 42 45 48 51 54 57 60 63